[gd_scene load_steps=11 format=2]

[ext_resource path="res://Models/Chung2.gltf" type="PackedScene" id=1]

[sub_resource type="SpatialMaterial" id=1]
albedo_color = Color( 0.843137, 0.658824, 0.458824, 1 )

[sub_resource type="CapsuleShape" id=2]
radius = 0.0893978
height = 0.0330282

[sub_resource type="CapsuleShape" id=3]
radius = 0.159255
height = 0.0893101

[sub_resource type="CapsuleShape" id=4]
radius = 0.131567
height = 0.308714

[sub_resource type="CapsuleShape" id=5]
radius = 0.170324
height = 0.177786

[sub_resource type="CapsuleShape" id=6]
radius = 0.129669
height = 0.35883

[sub_resource type="CapsuleShape" id=7]
radius = 0.127965
height = 0.196431

[sub_resource type="CapsuleShape" id=8]
radius = 0.025663
height = 0.0965618

[sub_resource type="CapsuleShape" id=9]
radius = 0.0225543
height = 0.0831181

[node name="Chung2" instance=ExtResource( 1 )]

[node name="Armature" parent="." index="0"]
transform = Transform( -0.0332277, -0.904269, 0.425668, -0.0186424, 0.42639, 0.904347, -0.999274, 0.0221139, -0.0310256, -0.00315916, 0.254337, 0.000612931 )

[node name="Chung" parent="Armature/Skeleton" index="0"]
material/0 = SubResource( 1 )

[node name="Physical Bone Bone" type="PhysicalBone" parent="Armature/Skeleton" index="1"]
transform = Transform( 1, 5.58794e-09, -7.45058e-09, -9.31323e-09, 1, -1.78698e-08, -3.72529e-09, 9.72068e-09, 1, -1.86265e-09, 0, -0.0999954 )
joint_offset = Transform( 1, 0, 0, 0, 1, 0, 0, 0, 1, 1.95575e-09, 1.79271e-09, 0.0999954 )
body_offset = Transform( 1, 5.58794e-09, -5.58794e-09, -3.72529e-09, 1, -1.7928e-08, -3.72529e-09, 9.72068e-09, 1, -1.39698e-09, 0, -0.0999954 )
bone_name = "Bone"

[node name="CollisionShape" type="CollisionShape" parent="Armature/Skeleton/Physical Bone Bone" index="0"]
transform = Transform( 1, 9.31323e-09, 9.31323e-09, -3.72529e-09, -1.08266e-08, 1, -5.58794e-09, -1, 9.54606e-09, -0.00120297, 0.0925224, 0.104692 )
shape = SubResource( 2 )

[node name="Physical Bone Bone001" type="PhysicalBone" parent="Armature/Skeleton" index="2"]
transform = Transform( 1, 0, 7.45058e-09, -7.45058e-09, 0.999889, -0.0149236, 5.58794e-09, 0.0149237, 0.999889, 1.86265e-09, 0.202874, -0.193156 )
joint_type = 1
joint_offset = Transform( 1, 0, 0, 0, 1, 0, 0, 0, 1, -1.90494e-09, -7.55379e-08, 0.193177 )
body_offset = Transform( 1, -1.86265e-09, 7.45058e-09, -3.72529e-09, 1, 8.24803e-08, 3.72529e-09, -9.31323e-09, 1, 4.65661e-10, 5.96046e-08, -0.193177 )
bone_name = "Bone.001"
joint_constraints/bias = 0.3
joint_constraints/damping = 1.0
joint_constraints/impulse_clamp = 0.0

[node name="CollisionShape" type="CollisionShape" parent="Armature/Skeleton/Physical Bone Bone001" index="0"]
transform = Transform( 1, 0, 0, -1.86265e-09, 8.3237e-09, 1, -3.72529e-09, -1, -9.77889e-09, -0.00139995, 0.206049, 0.186895 )
shape = SubResource( 3 )

[node name="Physical Bone Bone004" type="PhysicalBone" parent="Armature/Skeleton" index="3"]
transform = Transform( 1, -3.72529e-09, 1.86265e-09, -7.45058e-09, -0.0397415, 0.99921, 1.86265e-09, -0.99921, -0.0397414, 9.31323e-10, 0.166837, -0.29694 )
joint_type = 1
joint_offset = Transform( 1, 0, 0, 0, 1, 0, 0, 0, 1, -2.79397e-09, -2.96377e-08, 0.253897 )
body_offset = Transform( 1, -3.72529e-09, 0, 0, 1, 2.86964e-08, -3.72529e-09, -6.28643e-08, 1, 2.79397e-09, 2.23517e-08, -0.253897 )
bone_name = "Bone.004"
joint_constraints/bias = 0.3
joint_constraints/damping = 1.0
joint_constraints/impulse_clamp = 0.0

[node name="CollisionShape" type="CollisionShape" parent="Armature/Skeleton/Physical Bone Bone004" index="0"]
transform = Transform( 1, 3.91155e-08, -3.91155e-08, 1.11759e-08, -4.65661e-10, 1, 2.42144e-08, -1, -1.22236e-09, 0.0117815, 0.204613, 0.240449 )
shape = SubResource( 4 )

[node name="Physical Bone Bone005" type="PhysicalBone" parent="Armature/Skeleton" index="4"]
transform = Transform( 1, 3.72529e-09, 3.72529e-09, -1.11759e-08, -0.0202273, 0.999795, 0, -0.999795, -0.0202272, 2.79397e-09, 0.150981, -0.809379 )
joint_type = 1
joint_offset = Transform( 1, 0, 0, 0, 1, 0, 0, 0, 1, 9.33472e-10, -1.39376e-09, 0.249423 )
body_offset = Transform( 1, 3.72529e-09, 3.72529e-09, 0, 1, 5.58794e-09, -7.45058e-09, -5.61704e-08, 1, -1.86265e-09, 0, -0.249423 )
bone_name = "Bone.005"
joint_constraints/bias = 0.3
joint_constraints/damping = 1.0
joint_constraints/impulse_clamp = 0.0

[node name="CollisionShape" type="CollisionShape" parent="Armature/Skeleton/Physical Bone Bone005" index="0"]
transform = Transform( 1, 3.72529e-09, 1.11759e-08, 0, -2.44472e-07, 1, -1.86265e-09, -0.999999, -1.44821e-07, 0.0139076, 0.271747, 0.245837 )
shape = SubResource( 5 )

[node name="Physical Bone Bone008" type="PhysicalBone" parent="Armature/Skeleton" index="5"]
transform = Transform( 1, 0, -5.01052e-06, -5.00865e-06, -0.0203447, -0.999794, -1.00583e-07, 0.999793, -0.0203449, 1.24192e-06, 0.655492, 0.325049 )
joint_type = 1
joint_offset = Transform( 1, 0, 0, 0, 1, 0, 0, 0, 1, -3.75883e-12, -1.05367e-07, 0.247982 )
body_offset = Transform( 1, 0, -1.86265e-09, 3.72529e-09, 1, -5.58211e-08, 5.58794e-09, 3.10247e-08, 1, 4.65661e-10, 1.19209e-07, -0.247982 )
bone_name = "Bone.008"
joint_constraints/bias = 0.3
joint_constraints/damping = 1.0
joint_constraints/impulse_clamp = 0.0

[node name="CollisionShape" type="CollisionShape" parent="Armature/Skeleton/Physical Bone Bone008" index="0"]
transform = Transform( 0.999999, 7.45058e-09, -7.82311e-08, 1.11759e-08, -4.20958e-07, 1, -4.47035e-08, -0.999999, 3.05008e-08, -0.0114393, 0.194643, 0.247087 )
shape = SubResource( 6 )

[node name="Physical Bone Bone009" type="PhysicalBone" parent="Armature/Skeleton" index="6"]
transform = Transform( 1, 0, -6.43916e-06, -6.44289e-06, -0.0202857, -0.999795, -1.30385e-07, 0.999794, -0.0202859, 1.60746e-06, 0.646123, 0.82091 )
joint_type = 1
joint_offset = Transform( 1, 0, 0, 0, 1, 0, 0, 0, 1, -5.58794e-09, 1.36567e-07, 0.248703 )
body_offset = Transform( 1, 3.72529e-09, 0, 0, 1, -6.9791e-08, 5.58794e-09, -1.23982e-08, 1, 5.58794e-09, -1.19209e-07, -0.248703 )
bone_name = "Bone.009"
joint_constraints/bias = 0.3
joint_constraints/damping = 1.0
joint_constraints/impulse_clamp = 0.0

[node name="CollisionShape" type="CollisionShape" parent="Armature/Skeleton/Physical Bone Bone009" index="0"]
transform = Transform( 0.999999, -1.86265e-08, 3.72529e-09, 1.49012e-08, 2.78058e-07, 1, -2.23517e-08, -1, 4.86034e-08, -0.0124854, 0.23669, 0.234158 )
shape = SubResource( 7 )

[node name="Physical Bone Bone011" type="PhysicalBone" parent="Armature/Skeleton" index="7"]
transform = Transform( -1, 3.72529e-09, -3.94881e-07, -1.75089e-07, -0.88116, 0.472818, -3.40864e-07, 0.472818, 0.88116, 2.37487e-08, -0.0317121, -0.0590997 )
joint_offset = Transform( 1, 0, 0, 0, 1, 0, 0, 0, 1, -1.64684e-09, 4.88652e-09, 0.0670704 )
body_offset = Transform( 1, 0, 3.72529e-09, -7.45058e-09, 1, -3.11993e-08, 3.72529e-09, -2.89292e-08, 1, 1.39698e-09, -2.79397e-09, -0.0670704 )
bone_name = "Bone.011"

[node name="CollisionShape" type="CollisionShape" parent="Armature/Skeleton/Physical Bone Bone011" index="0"]
transform = Transform( 0.999424, -0.0205408, -0.0269706, -6.07781e-05, -0.796633, 0.604462, -0.0339018, -0.604114, -0.796177, 0.0015453, 0.0566786, -0.0232018 )
shape = SubResource( 8 )

[node name="Physical Bone Bone013" type="PhysicalBone" parent="Armature/Skeleton" index="8"]
transform = Transform( 1, 5.58794e-09, -2.49594e-07, 9.49949e-08, -0.894427, 0.447214, -2.08616e-07, -0.447213, -0.894427, 1.58325e-08, -0.0309913, 0.0619826 )
joint_offset = Transform( 1, 0, 0, 0, 1, 0, 0, 0, 1, 7.74473e-10, -3.87195e-08, 0.0692987 )
body_offset = Transform( 1, 3.25963e-09, -1.11759e-08, 3.72529e-09, 1, -8.63511e-08, -1.11759e-08, -2.91329e-08, 1, 0, 4.47035e-08, -0.0692987 )
bone_name = "Bone.013"

[node name="CollisionShape" type="CollisionShape" parent="Armature/Skeleton/Physical Bone Bone013" index="0"]
transform = Transform( 0.999527, 0.0166742, -0.0259161, 0.0297767, -0.739197, 0.67283, -0.00793824, -0.673283, -0.739343, -0.000733933, 0.0618155, -0.00978811 )
shape = SubResource( 9 )
