[gd_scene load_steps=45 format=2]

[ext_resource path="res://Entities/Player.tscn" type="PackedScene" id=1]
[ext_resource path="res://Entities/MapBlock.tscn" type="PackedScene" id=2]
[ext_resource path="res://Scripts/PlayerCamera.cs" type="Script" id=3]
[ext_resource path="res://Entities/Character.tscn" type="PackedScene" id=4]
[ext_resource path="res://HelicoGrabE.png" type="Texture" id=5]
[ext_resource path="res://Scripts/UI.cs" type="Script" id=6]
[ext_resource path="res://Entities/Levier.tscn" type="PackedScene" id=7]
[ext_resource path="res://Shaders/S_Water.tres" type="Shader" id=8]
[ext_resource path="res://Entities/Door.tscn" type="PackedScene" id=9]
[ext_resource path="res://Materials/M_Grass.tres" type="Material" id=10]
[ext_resource path="res://Materials/M_Dirt.tres" type="Material" id=11]
[ext_resource path="res://Models/Grass01.glb" type="PackedScene" id=12]
[ext_resource path="res://Models/SmallRock01.glb" type="PackedScene" id=13]
[ext_resource path="res://GrabMouseLeft.png" type="Texture" id=14]
[ext_resource path="res://GrabMouseRight.png" type="Texture" id=15]
[ext_resource path="res://Models/BigRock01.glb" type="PackedScene" id=16]
[ext_resource path="res://addons/zylann.scatter/scatter3d.gd" type="Script" id=17]
[ext_resource path="res://Entities/MapBlock2.tscn" type="PackedScene" id=18]
[ext_resource path="res://Entities/Bloc.tscn" type="PackedScene" id=19]
[ext_resource path="res://Models/Saplin01.glb" type="PackedScene" id=20]
[ext_resource path="res://Entities/SaplingStatic.tscn" type="PackedScene" id=21]
[ext_resource path="res://Entities/RockRigid.tscn" type="PackedScene" id=22]
[ext_resource path="res://Blender/Panneau.glb" type="PackedScene" id=23]
[ext_resource path="res://GoalArea.cs" type="Script" id=24]
[ext_resource path="res://PressStart2P.ttf" type="DynamicFontData" id=25]

[sub_resource type="PlaneMesh" id=1]
size = Vector2( 3000, 1000 )

[sub_resource type="Gradient" id=5]
offsets = PoolRealArray( 0, 0.24031, 1 )
colors = PoolColorArray( 0, 0.275269, 0.800781, 1, 0.138885, 0.76477, 0.867188, 1, 0.252518, 0.964844, 0.647636, 1 )

[sub_resource type="GradientTexture" id=6]
gradient = SubResource( 5 )

[sub_resource type="ShaderMaterial" id=7]
shader = ExtResource( 8 )
shader_param/beer_factor = 2.0
shader_param/shallow_color = null
shader_param/depth_color = null
shader_param/blending_factor = 1.9
shader_param/alpha_factor = 0.2
shader_param/normals_sizes = null
shader_param/normals_power = null
shader_param/normals_speeds = null
shader_param/water_gradient = SubResource( 6 )

[sub_resource type="BoxShape" id=15]
extents = Vector3( 3000, 0.343, 1000 )

[sub_resource type="AtlasTexture" id=12]
flags = 4
atlas = ExtResource( 5 )
region = Rect2( 0, 0, 32, 32 )

[sub_resource type="AtlasTexture" id=13]
flags = 4
atlas = ExtResource( 5 )
region = Rect2( 32, 0, 32, 32 )

[sub_resource type="SpriteFrames" id=14]
animations = [ {
"frames": [ SubResource( 12 ), SubResource( 13 ) ],
"loop": true,
"name": "default",
"speed": 5.0
} ]

[sub_resource type="DynamicFont" id=19]
size = 51
font_data = ExtResource( 25 )

[sub_resource type="DynamicFont" id=20]
size = 63
font_data = ExtResource( 25 )

[sub_resource type="DynamicFont" id=21]
size = 34
font_data = ExtResource( 25 )

[sub_resource type="DynamicFont" id=22]
size = 34
font_data = ExtResource( 25 )

[sub_resource type="ProceduralSky" id=8]

[sub_resource type="Environment" id=9]
background_mode = 2
background_sky = SubResource( 8 )
fog_enabled = true
fog_color = Color( 0.431373, 0.713726, 1, 1 )
fog_depth_begin = 100.0
fog_depth_end = 500.0
glow_enabled = true
glow_strength = 0.85
glow_blend_mode = 1

[sub_resource type="CubeMesh" id=10]
size = Vector3( 2, 0.18, 2 )

[sub_resource type="CubeMesh" id=11]

[sub_resource type="BoxShape" id=16]
extents = Vector3( 9.08774, 37.0708, 8.17588 )

[sub_resource type="CubeMesh" id=17]
size = Vector3( 18.103, 40.263, 17.738 )

[sub_resource type="SpatialMaterial" id=18]
render_priority = 1
flags_transparent = true
albedo_color = Color( 1, 0.866667, 0, 0.0392157 )
emission_enabled = true
emission = Color( 0.878431, 0.592157, 0.0980392, 1 )
emission_energy = 24.1
emission_operator = 0
emission_on_uv2 = false

[node name="World" type="Spatial"]

[node name="Player" parent="." instance=ExtResource( 1 )]
transform = Transform( 1, 0, 0, 0, 1, 0, 0, 0, 1, 0, 3.37268, 0 )
collision_layer = 258
axis_lock_motion_z = true
move_lock_z = true

[node name="Position3D" type="Position3D" parent="Player"]
transform = Transform( 1, 0, 0, 0, 1, 0, 0, 0, 1, 0, -3.97927, 0 )

[node name="Camera" type="Camera" parent="."]
transform = Transform( 1, 0, 0, 0, 1, 0, 0, 0, 1, 0, 0, 45 )
far = 500.0
script = ExtResource( 3 )
targetPath = NodePath("../Player")
zAddedPosition = 25.0

[node name="Character" parent="." instance=ExtResource( 4 )]
transform = Transform( 1, 0, 0, 0, 1, 0, 0, 0, 1, 142.134, 1.10352, 0 )

[node name="Character2" parent="." instance=ExtResource( 4 )]
transform = Transform( 1, 0, 0, 0, 1, 0, 0, 0, 1, 150.243, 1.07141, 0 )

[node name="Character3" parent="." instance=ExtResource( 4 )]
transform = Transform( 1, 0, 0, 0, 1, 0, 0, 0, 1, 160.074, 1.10014, 0 )

[node name="DirectionalLight" type="DirectionalLight" parent="."]
transform = Transform( 0.895533, -0.216376, 0.388847, -0.126147, 0.714537, 0.688131, -0.42674, -0.665296, 0.612596, 0, 11.1748, 0 )
light_energy = 0.8
shadow_enabled = true

[node name="StaticBody" parent="." instance=ExtResource( 2 )]
transform = Transform( 12.674, 0, 0, 0, 1, 0, 0, 0, 9.042, -157.432, 0, 0 )

[node name="Water" type="MeshInstance" parent="."]
transform = Transform( 1, 0, 0, 0, 1, 0, 0, 0, 1, -1.56422, 0.089848, 0.585472 )
mesh = SubResource( 1 )
material/0 = SubResource( 7 )

[node name="StaticBody" type="StaticBody" parent="Water"]
collision_layer = 256
collision_mask = 2

[node name="CollisionShape" type="CollisionShape" parent="Water/StaticBody"]
shape = SubResource( 15 )

[node name="UI" type="Control" parent="."]
anchor_right = 1.0
anchor_bottom = 1.0
script = ExtResource( 6 )
__meta__ = {
"_edit_use_anchors_": false
}

[node name="GrabE" type="AnimatedSprite" parent="UI"]
position = Vector2( 1086.5, 615.5 )
scale = Vector2( 1.53125, 1.53125 )
frames = SubResource( 14 )
playing = true

[node name="GrabControls" type="Control" parent="UI"]
anchor_top = 1.0
anchor_right = 1.0
anchor_bottom = 1.0
margin_top = -77.0
__meta__ = {
"_edit_use_anchors_": false
}

[node name="TextureRect" type="TextureRect" parent="UI/GrabControls"]
anchor_left = 1.0
anchor_top = 1.0
anchor_right = 1.0
anchor_bottom = 1.0
margin_left = -269.0
margin_top = -106.0
margin_right = -184.0
margin_bottom = -22.0
texture = ExtResource( 14 )
expand = true
__meta__ = {
"_edit_use_anchors_": false
}

[node name="TextureRect2" type="TextureRect" parent="UI/GrabControls"]
anchor_left = 1.0
anchor_top = 1.0
anchor_right = 1.0
anchor_bottom = 1.0
margin_left = -157.0
margin_top = -108.0
margin_right = -72.0
margin_bottom = -24.0
texture = ExtResource( 15 )
expand = true
__meta__ = {
"_edit_use_anchors_": false
}

[node name="WellDone" type="Label" parent="UI"]
visible = false
anchor_left = 0.5
anchor_right = 0.5
margin_left = -567.0
margin_top = 63.0
margin_right = 566.0
margin_bottom = 168.0
custom_fonts/font = SubResource( 19 )
text = "Well Done !"
align = 1
__meta__ = {
"_edit_use_anchors_": false
}

[node name="EndGame" type="Control" parent="UI"]
visible = false
anchor_left = 0.5
anchor_right = 0.5
margin_left = -20.0
margin_right = 20.0
margin_bottom = 40.0

[node name="Congratulation" type="Label" parent="UI/EndGame"]
anchor_left = 0.5
anchor_right = 0.5
margin_left = -518.0
margin_top = 250.0
margin_right = 553.0
margin_bottom = 313.0
custom_fonts/font = SubResource( 20 )
text = "Congratulations !"

[node name="by" type="Label" parent="UI/EndGame/Congratulation"]
anchor_left = 0.5
anchor_right = 0.5
margin_left = -535.5
margin_top = 103.0
margin_right = 535.5
margin_bottom = 166.0
custom_fonts/font = SubResource( 21 )
text = "Made by VirgilusTrocusMinusculus"

[node name="Timer" type="Timer" parent="UI"]

[node name="Label" type="Label" parent="UI"]
margin_left = 1516.0
margin_top = 60.0
margin_right = 1708.0
margin_bottom = 131.0
custom_fonts/font = SubResource( 22 )
text = "/"

[node name="Character4" parent="." instance=ExtResource( 4 )]
transform = Transform( 1, 0, 0, 0, 1, 0, 0, 0, 1, -148.848, 1.02076, 0 )

[node name="Bloc" parent="." instance=ExtResource( 19 )]

[node name="Levier" parent="." instance=ExtResource( 7 )]
transform = Transform( 0.999552, 0, 0.0299279, 0, 1, 0, -0.0299279, 0, 0.999552, 167.758, 3.55726, -0.00284386 )

[node name="Door" parent="." instance=ExtResource( 9 )]
transform = Transform( 1, 0, 0, 0, 1, 0, 0, 0, 1, 177.302, 19.6177, 0.00314331 )
LevierPath = NodePath("../Levier")
OpenHeight = 50.0
OpenTime = 5.0

[node name="WorldEnvironment" type="WorldEnvironment" parent="."]
environment = SubResource( 9 )

[node name="BackGround" type="Spatial" parent="."]
transform = Transform( 1, 0, 0, 0, 1, 0, 0, 0, 1, 0, 0, 100.262 )

[node name="MeshInstance2" type="MeshInstance" parent="BackGround"]
transform = Transform( 17.1843, 0, 0, 0, 16.8411, 0, 0, 0, 17.1843, -37.8657, 15.208, -199.788 )
mesh = SubResource( 10 )
material/0 = ExtResource( 10 )
__meta__ = {
"_edit_group_": true
}

[node name="MeshInstance" type="MeshInstance" parent="BackGround/MeshInstance2"]
transform = Transform( 1, 0, 0, 0, 1, 0, 0, 0, 1, 0, -1.06647, 0 )
mesh = SubResource( 11 )
skeleton = NodePath("../..")
material/0 = ExtResource( 11 )

[node name="MeshInstance3" type="MeshInstance" parent="BackGround"]
transform = Transform( 50, 0, 0, 0, 10, 0, 0, 0, 70, -103.899, 19.856, -220.595 )
mesh = SubResource( 10 )
material/0 = ExtResource( 10 )

[node name="MeshInstance" type="MeshInstance" parent="BackGround/MeshInstance3"]
transform = Transform( 1, 0, 0, 0, 1, 0, 0, 0, 1, 0, -1.06647, 0 )
mesh = SubResource( 11 )
skeleton = NodePath("../..")
material/0 = ExtResource( 11 )

[node name="MeshInstance" type="MeshInstance" parent="BackGround"]
transform = Transform( 20, 0, 0, 0, 50, 0, 0, 0, 20, 78.0571, 23.9091, -223.382 )
mesh = SubResource( 11 )
skeleton = NodePath("../..")
material/0 = ExtResource( 11 )

[node name="MeshInstance4" type="MeshInstance" parent="BackGround"]
transform = Transform( 11.8643, 0, 0, 0, 20.3406, 0, 0, 0, 19.5094, -197.655, 15.9971, -220.18 )
mesh = SubResource( 11 )
skeleton = NodePath("../..")
material/0 = ExtResource( 11 )
__meta__ = {
"_edit_group_": true
}

[node name="MeshInstance5" type="MeshInstance" parent="BackGround"]
transform = Transform( 17.1843, 0, 0, 0, 16.8411, 0, 0, 0, 17.1843, 179.862, 15.208, -199.788 )
mesh = SubResource( 10 )
material/0 = ExtResource( 10 )
__meta__ = {
"_edit_group_": true
}

[node name="MeshInstance" type="MeshInstance" parent="BackGround/MeshInstance5"]
transform = Transform( 1, 0, 0, 0, 1, 0, 0, 0, 1, 0, -1.06647, 0 )
mesh = SubResource( 11 )
skeleton = NodePath("../..")
material/0 = ExtResource( 11 )

[node name="MeshInstance6" type="MeshInstance" parent="BackGround"]
transform = Transform( 50, 0, 0, 0, 10, 0, 0, 0, 70, 254.954, 19.856, -220.595 )
mesh = SubResource( 10 )
material/0 = ExtResource( 10 )

[node name="MeshInstance" type="MeshInstance" parent="BackGround/MeshInstance6"]
transform = Transform( 1, 0, 0, 0, 1, 0, 0, 0, 1, 0, -1.06647, 0 )
mesh = SubResource( 11 )
skeleton = NodePath("../..")
material/0 = ExtResource( 11 )

[node name="MeshInstance7" type="MeshInstance" parent="BackGround"]
transform = Transform( 20, 0, 0, 0, 50, 0, 0, 0, 20, 399.928, 23.9091, -223.382 )
mesh = SubResource( 11 )
skeleton = NodePath("../..")
material/0 = ExtResource( 11 )

[node name="MeshInstance8" type="MeshInstance" parent="BackGround"]
transform = Transform( 11.8643, 0, 0, 0, 20.3406, 0, 0, 0, 19.5094, 202.576, 15.9971, -220.18 )
mesh = SubResource( 11 )
skeleton = NodePath("../..")
material/0 = ExtResource( 11 )
__meta__ = {
"_edit_group_": true
}

[node name="Scatter3D" type="Spatial" parent="."]
script = ExtResource( 17 )
_scenes = [ ExtResource( 13 ), ExtResource( 16 ), ExtResource( 12 ), ExtResource( 20 ) ]

[node name="Saplin01" parent="Scatter3D" instance=ExtResource( 20 )]
transform = Transform( -0.874189, 0, 0.485586, 0, 1, 0, -0.485586, 0, -0.874189, 139.992, 1, -8.6832 )

[node name="Saplin02" parent="Scatter3D" instance=ExtResource( 20 )]
transform = Transform( 0.955613, 0, -0.294625, 0, 1, 0, 0.294625, 0, 0.955613, 153.092, 1.00001, -3.71557 )

[node name="Saplin03" parent="Scatter3D" instance=ExtResource( 20 )]
transform = Transform( 0.606729, 0, 0.794909, 0, 1, 0, -0.794909, 0, 0.606729, 163.142, 1, -8.40445 )

[node name="Saplin04" parent="Scatter3D" instance=ExtResource( 20 )]
transform = Transform( 0.948815, 0, -0.315832, 0, 1, 0, 0.315832, 0, 0.948815, 174.905, 1.00001, -8.86433 )

[node name="Saplin05" parent="Scatter3D" instance=ExtResource( 20 )]
transform = Transform( -0.712683, 0, -0.701486, 0, 1, 0, 0.701486, 0, -0.712683, 173.599, 1.00006, 7.24007 )

[node name="Saplin06" parent="Scatter3D" instance=ExtResource( 20 )]
transform = Transform( 0.198927, 0, -0.980014, 0, 1, 0, 0.980014, 0, 0.198927, 159.639, 0.999999, 8.31779 )

[node name="Saplin07" parent="Scatter3D" instance=ExtResource( 20 )]
transform = Transform( -0.25428, 0, -0.967131, 0, 1, 0, 0.967131, 0, -0.25428, 137.538, 1.00004, 8.61101 )

[node name="Saplin08" parent="Scatter3D" instance=ExtResource( 20 )]
transform = Transform( -0.396872, 0, -0.917874, 0, 1, 0, 0.917874, 0, -0.396872, 147.867, 1.00026, -6.98169 )

[node name="Grass01" parent="Scatter3D" instance=ExtResource( 12 )]
transform = Transform( 0.916823, 0, -0.399293, 0, 1, 0, 0.399293, 0, 0.916823, 151.871, 1, -9.18213 )

[node name="Grass02" parent="Scatter3D" instance=ExtResource( 12 )]
transform = Transform( -0.375345, 0, -0.926885, 0, 1, 0, 0.926885, 0, -0.375345, 136.781, 1.01089, -3.12894 )

[node name="Grass03" parent="Scatter3D" instance=ExtResource( 12 )]
transform = Transform( -0.58137, 0, 0.813639, 0, 1, 0, -0.813639, 0, -0.58137, 140.595, 1.00037, 3.6046 )

[node name="Grass04" parent="Scatter3D" instance=ExtResource( 12 )]
transform = Transform( -0.749805, 0, -0.661659, 0, 1, 0, 0.661659, 0, -0.749805, 156.359, 1.00013, 3.49934 )

[node name="Grass05" parent="Scatter3D" instance=ExtResource( 12 )]
transform = Transform( -0.270659, 0, -0.962675, 0, 1, 0, 0.962675, 0, -0.270659, 166.309, 1, 5.93493 )

[node name="Grass06" parent="Scatter3D" instance=ExtResource( 12 )]
transform = Transform( -0.89504, 0, 0.445985, 0, 1, 0, -0.445985, 0, -0.89504, 172.704, 1, -0.0981426 )

[node name="Grass07" parent="Scatter3D" instance=ExtResource( 12 )]
transform = Transform( 0.0272369, 0, -0.999629, 0, 1, 0, 0.999629, 0, 0.0272369, 160.644, 1, -5.04918 )

[node name="SmallRock01" parent="Scatter3D" instance=ExtResource( 13 )]
transform = Transform( 0.00359554, 0, -0.999994, 0, 1, 0, 0.999994, 0, 0.00359554, 299.038, 1.00018, 6.60308 )

[node name="SmallRock02" parent="Scatter3D" instance=ExtResource( 13 )]
transform = Transform( -0.957122, 0, 0.289684, 0, 1, 0, -0.289684, 0, -0.957122, 321.597, 0.999998, 9.84274 )

[node name="SmallRock03" parent="Scatter3D" instance=ExtResource( 13 )]
transform = Transform( 0.0381815, 0, -0.999271, 0, 1, 0, 0.999271, 0, 0.0381815, 303.642, 1.00001, -1.86204 )

[node name="SmallRock04" parent="Scatter3D" instance=ExtResource( 13 )]
transform = Transform( 0.0274377, 0, 0.999624, 0, 1, 0, -0.999624, 0, 0.0274377, 298.345, 1, -9.37875 )

[node name="SmallRock05" parent="Scatter3D" instance=ExtResource( 13 )]
transform = Transform( -0.694933, 0, -0.719075, 0, 1, 0, 0.719075, 0, -0.694933, 329.346, 1, 8.42809 )

[node name="SmallRock06" parent="Scatter3D" instance=ExtResource( 13 )]
transform = Transform( -0.229284, 0, 0.97336, 0, 1, 0, -0.97336, 0, -0.229284, 334.185, 1.00086, -7.77971 )

[node name="SmallRock07" parent="Scatter3D" instance=ExtResource( 13 )]
transform = Transform( 0.755976, 0, -0.654599, 0, 1, 0, 0.654599, 0, 0.755976, 309.906, 1.00002, 7.25006 )

[node name="Grass08" parent="Scatter3D" instance=ExtResource( 12 )]
transform = Transform( -0.829982, 0, -0.55779, 0, 1, 0, 0.55779, 0, -0.829982, 305.024, 1.00001, 5.50136 )

[node name="Grass09" parent="Scatter3D" instance=ExtResource( 12 )]
transform = Transform( 0.218017, 0, -0.975945, 0, 1, 0, 0.975945, 0, 0.218017, 304.988, 1, 9.85279 )

[node name="Grass10" parent="Scatter3D" instance=ExtResource( 12 )]
transform = Transform( 0.984135, 0, -0.177423, 0, 1, 0, 0.177423, 0, 0.984135, 315.075, 1, 6.6119 )

[node name="Grass11" parent="Scatter3D" instance=ExtResource( 12 )]
transform = Transform( 0.533931, 0, 0.845528, 0, 1, 0, -0.845528, 0, 0.533931, 325.917, 1, 4.00456 )

[node name="Grass12" parent="Scatter3D" instance=ExtResource( 12 )]
transform = Transform( -0.290198, 0, 0.956967, 0, 1, 0, -0.956967, 0, -0.290198, 313.244, 1.00023, 0.428511 )

[node name="Grass13" parent="Scatter3D" instance=ExtResource( 12 )]
transform = Transform( 0.703917, 0, 0.710283, 0, 1, 0, -0.710283, 0, 0.703917, 315.2, 1, 0.896946 )

[node name="Grass14" parent="Scatter3D" instance=ExtResource( 12 )]
transform = Transform( -0.907751, 0, 0.419509, 0, 1, 0, -0.419509, 0, -0.907751, 313.17, 1, 2.71079 )

[node name="Grass15" parent="Scatter3D" instance=ExtResource( 12 )]
transform = Transform( 0.937808, 0, -0.347155, 0, 1, 0, 0.347155, 0, 0.937808, 314.851, 1.00018, -2.13056 )

[node name="Grass16" parent="Scatter3D" instance=ExtResource( 12 )]
transform = Transform( 0.68125, 0, -0.732051, 0, 1, 0, 0.732051, 0, 0.68125, 297.81, 1, -2.6674 )

[node name="Grass17" parent="Scatter3D" instance=ExtResource( 12 )]
transform = Transform( -0.206586, 0, -0.978428, 0, 1, 0, 0.978428, 0, -0.206586, 298.777, 1.00008, 9.83843 )

[node name="Grass18" parent="Scatter3D" instance=ExtResource( 12 )]
transform = Transform( 0.704885, 0, 0.709322, 0, 1, 0, -0.709322, 0, 0.704885, 332.806, 1.00001, -3.35248 )

[node name="Grass19" parent="Scatter3D" instance=ExtResource( 12 )]
transform = Transform( -0.839422, 0, -0.543481, 0, 1, 0, 0.543481, 0, -0.839422, 331.855, 1, 8.17614 )

[node name="Grass20" parent="Scatter3D" instance=ExtResource( 12 )]
transform = Transform( -0.711463, 0, -0.702724, 0, 1, 0, 0.702724, 0, -0.711463, 327.063, 1.00001, -6.34278 )

[node name="BigRock01" parent="Scatter3D" instance=ExtResource( 16 )]
transform = Transform( -0.875776, 0, -0.482718, 0, 1, 0, 0.482718, 0, -0.875776, 302.021, 1.00001, -6.61567 )

[node name="BigRock02" parent="Scatter3D" instance=ExtResource( 16 )]
transform = Transform( 0.805284, 0, 0.59289, 0, 1, 0, -0.59289, 0, 0.805284, 298.806, 1.00002, -0.719822 )

[node name="BigRock03" parent="Scatter3D" instance=ExtResource( 16 )]
transform = Transform( 0.853025, 0, -0.52187, 0, 1, 0, 0.52187, 0, 0.853025, 328.076, 1.01618, 9.49806 )

[node name="BigRock04" parent="Scatter3D" instance=ExtResource( 16 )]
transform = Transform( -0.515908, 0, 0.856644, 0, 1, 0, -0.856644, 0, -0.515908, 333.282, 1.0096, 3.55806 )

[node name="Saplin09" parent="Scatter3D" instance=ExtResource( 20 )]
transform = Transform( -0.835296, 0, -0.549801, 0, 1, 0, 0.549801, 0, -0.835296, 297.562, 1, -8.39357 )

[node name="Saplin10" parent="Scatter3D" instance=ExtResource( 20 )]
transform = Transform( -0.115161, 0, 0.993347, 0, 1, 0, -0.993347, 0, -0.115161, 333.542, 1.00725, -9.81567 )

[node name="Saplin11" parent="Scatter3D" instance=ExtResource( 20 )]
transform = Transform( 0.854964, 0, -0.518687, 0, 1, 0, 0.518687, 0, 0.854964, 302.28, 1, -2.54275 )

[node name="Saplin12" parent="Scatter3D" instance=ExtResource( 20 )]
transform = Transform( -0.941167, 0, -0.337941, 0, 1, 0, 0.337941, 0, -0.941167, 324.986, 1, -4.24297 )

[node name="Saplin13" parent="Scatter3D" instance=ExtResource( 20 )]
transform = Transform( -0.985507, 0, 0.169636, 0, 1, 0, -0.169636, 0, -0.985507, 330.571, 1.00071, -2.86999 )

[node name="Saplin14" parent="Scatter3D" instance=ExtResource( 20 )]
transform = Transform( -0.831768, 0, -0.555123, 0, 1, 0, 0.555123, 0, -0.831768, 302.74, 0.999998, 7.67003 )

[node name="Saplin15" parent="Scatter3D" instance=ExtResource( 20 )]
transform = Transform( 0.509602, 0, -0.86041, 0, 1, 0, 0.86041, 0, 0.509602, 323.237, 1, 4.69786 )

[node name="MapBlock_Rock" parent="." instance=ExtResource( 18 )]
transform = Transform( 20.2707, 0, 0, 0, 1, 0, 0, 0, 20.2707, 0, 0, 0 )

[node name="MapBlock_Grass" parent="." instance=ExtResource( 2 )]
transform = Transform( 20.8638, 0, 0, 0, 1, 0, 0, 0, 11.726, 155.797, 0, 0 )

[node name="Saplin01" parent="." instance=ExtResource( 21 )]
transform = Transform( 25, 0, 0, 0, 25, 0, 0, 0, 25, -140.115, 0, 0 )

[node name="MapBlock_Grass2" parent="." instance=ExtResource( 2 )]
transform = Transform( 20.8638, 0, 0, 0, 1, 0, 0, 0, 11.726, 315.293, 0, 0 )

[node name="Saplin02" parent="." instance=ExtResource( 21 )]
transform = Transform( 4.80978, 1.36602, 0, -1.36602, 4.80978, 0, 0, 0, 5, 309.824, 1.33401, 0 )

[node name="Saplin03" parent="." instance=ExtResource( 21 )]
transform = Transform( 4.8198, -1.33022, 0, 1.33022, 4.8198, 0, 0, 0, 5, 318.79, 1.33401, 0 )

[node name="Panneau" parent="." instance=ExtResource( 23 )]
transform = Transform( 0.0126451, 0, 3.24887, 0, 3.24889, 0, -1.11214, 0, 0.00432864, -4.23623, 1.00012, -6.24524 )

[node name="Panneau2" parent="Panneau" instance=ExtResource( 23 )]
transform = Transform( -0.999998, 0, 0.00207701, 0, 1, 0, -0.00207701, 0, -0.999998, -0.0620499, 1.00012, -0.0769291 )

[node name="RockRigid2" parent="." instance=ExtResource( 22 )]
transform = Transform( 1, 0, 0, 0, 1, 0, 0, 0, 1, 19.288, 1.63477, 0 )

[node name="Saplin04" parent="." instance=ExtResource( 21 )]
transform = Transform( 3, 0, 0, 0, 3, 0, 0, 0, 3, -18.4303, 1.36999, 0 )

[node name="Saplin05" parent="." instance=ExtResource( 21 )]
transform = Transform( 3, 0, 0, 0, 3, 0, 0, 0, 3, 17.2463, 1.36999, 0 )

[node name="Bloc2" parent="." instance=ExtResource( 19 )]
transform = Transform( 1, 0, 0, 0, 1, 0, 0, 0, 1, -8.35802, 2.34565, 0 )

[node name="Character5" parent="." instance=ExtResource( 4 )]
transform = Transform( 1, 0, 0, 0, 1, 0, 0, 0, 1, 307.614, 1.07141, 0 )

[node name="Character6" parent="." instance=ExtResource( 4 )]
transform = Transform( 1, 0, 0, 0, 1, 0, 0, 0, 1, 327.424, 1.10014, 0 )

[node name="Bloc3" parent="." instance=ExtResource( 19 )]
transform = Transform( 1, 0, 0, 0, 1, 0, 0, 0, 1, 314.355, 2.34565, 0 )

[node name="GoalArea" type="Area" parent="."]
transform = Transform( 1, 0, 0, 0, 1, 0, 0, 0, 1, -155.059, 43.9873, 0 )
script = ExtResource( 24 )

[node name="CollisionShape" type="CollisionShape" parent="GoalArea"]
transform = Transform( 1, 0, 0, 0, 1, 0, 0, 0, 1, 0, 5.81524, 0 )
shape = SubResource( 16 )

[node name="MeshInstance" type="MeshInstance" parent="GoalArea"]
transform = Transform( 1, 0, 0, 0, 1, 0, 0, 0, 1, 0, 3.89001, 0 )
mesh = SubResource( 17 )
material/0 = SubResource( 18 )

[node name="Panneau2" parent="." instance=ExtResource( 23 )]
transform = Transform( 0.0126451, 0, 3.24887, 0, 3.24889, 0, -1.11214, 0, 0.00432864, -4.23623, 1.00012, -6.24524 )

[node name="Panneau2" parent="Panneau2" instance=ExtResource( 23 )]
transform = Transform( -0.999998, 0, 0.00207701, 0, 1, 0, -0.00207701, 0, -0.999998, -0.0620499, 1.00012, -0.0769291 )

[node name="Panneau4" parent="." instance=ExtResource( 23 )]
transform = Transform( -0.014806, 2.09828, -2.48039, 0.0125249, 2.48043, 2.09824, 1.11213, 0, -0.00663856, -135.771, 40.1619, -0.00186884 )

[connection signal="GrabEntered" from="Player" to="UI" method="DisplayGrabE"]
[connection signal="RopeExist" from="Player" to="UI" method="DisplayControl"]
[connection signal="timeout" from="UI/Timer" to="UI" method="OnTimerTimeout"]
[connection signal="body_entered" from="GoalArea" to="UI" method="_on_GoalArea_body_entered"]
